19.842
14.113
14.884
22.051
19.263
9.4938
18.998
20.58
17.542
13.129
8.1096
21.357
21.104
19.034
19.713
19.819
20.205
17.491
21.24
24.553
9.5152
22.941
20.6
10.468
22.97
12.922
10.228
13.841
22.648
22.356
21.848
15.537
18.582
3.7046
13.005
23.978
4.5066
21.886
14.477
8.1559
19.841
16.246
15.029
12.604
8.8049
21.564
23.708
10.029
14.915
19.965
14.983
15.756
19.239
11.414
22.276
15.544
13.389
19.109
14.648
14.429
20.916
13.603
23.411
20.698
19.515
20.345
21.788
17.09
22.96
14.915
17.611
4.569
19.636
15.688
19.38
7.9685
8.6218
22.944
19.193
18.317
24.834
10.912
18.192
20.742
17.929
22.901
25.366
13.834
14.296
18.926
14.157
19.053
22.418
22.052
20.53
21.634
23.886
19.689
20.293
12.487
15.65
12.971
21.67
21.592
8.4802
16.685
18.503
18.852
15.026
17.518
10.08
18.767
18.05
20.542
24.086
8.7322
18.565
23.484
22.081
18.148
19.39
21.925
22.195
19.586
20.174
21.509
11.765
21.453
23.209
15.75
22.364
20.342
13.861
20.035
13.869
20.91
21.862
10.748
22.526
19.667
22.384
26.005
15.834
21.838
13.707
20.009
21.561
22.826
19.273
19.895
21.645
22.575
18.444
15.662
14.627
16.498
18.508
14.805
11.352
10.087
16.834
18.727
14.406
22.77
21.792
9.8103
11.885
23.197
10.599
12.976
15.47
18.529
9.0144
18.47
21.223
12.551
22.971
17.469
22.973
19.535
23.276
20.582
17.67
14.781
12.343
23.958
21.342
20.216
9.2667
23.994
22.511
20.426
17.635
24.678
12.627
16.399
22.884
20.359
10.695
15.212
19.271
20.861
24.624
15.976
15.11
11.171
13.823
22.672
21.602
22.856
21.316
14.67
12.776
19.505
22.532
20.251
9.2563
20.286
24.993
14.921
21.541
19.499
21.06
15.686
22.169
21.22
20.859
8.8127
20.125
8.1128
23.055
23.067
20.986
21.631
12.571
16.9
22.956
14.624
22.395
21.711
9.8747
11.876
23.466
19.999
23.539
23.032
17.804
21.469
20.446
23.833
22.871
20.801
19.712
13.865
11.466
14.244
18.136
15.803
16.048
8.1136
14.154
5.9707
20.699
15.25
22.752
16.955
21.629
16.805
22.051
10.049
11.809
22.031
12.807
16.997
13.814
4.1612
16.776
10.223
20.841
14.85
19.128
20.272
21.078
21.797
23.892
11.67
20.894
15.148
17.923
24.308
9.6521
22.636
19.747
19.454
16.033
17.66
13.153
24.592
11.19
17.223
11.182
15.092
15.794
12.314
11.912
21.373
19.741
20.788
16.958
20.051
21.866
20.565
10.83
3.2946
11.125
14.638
22.737
23.997
14.913
21.765
15.755
15.977
9.4994
10.82
19.346
11.058
20.305
21.653
19.751
9.4288
14.147
22.542
18.629
22.176
12.935
18.008
25.298
19.441
16.287
19.984
21.68
25.495
22.386
23.461
19.995
10.105
13.36
9.8136
16.908
18.557
21.042
22.533
8.2846
21.969
21.253
21.551
21.208
20.756
13.335
18.291
21.938
15.267
20.872
13.65
14.545
19.529
14.039
12.9
11.902
14.773
15.881
17.708
17.945
22.829
20.881
14.354
18.012
10.581
21.852
9.3486
18.49
13.544
11.413
20.239
16.236
11.748
21.147
13.415
21.896
8.2623
15.514
9.2949
17.782
22.466
22.714
19.346
12.001
21.14
12.86
24.176
13.14
13.518
19.169
20.885
20.762
20.434
18.221
10.463
15.302
16.151
10.017
21.706
22.865
22.289
21.626
13.309
25.087
21.927
20.819
22.29
24.373
14.65
20.323
13.738
22.799
21.908
20.664
10.128
21.903
15.601
12.576
21.342
22.619
21.167
21.773
10.779
23.742
16.363
24.885
18.842
21.766
11.154
22.753
8.556
18.304
23.228
21.469
21.591
14.424
13.817
20.527
16.741
24.828
9.0072
13.789
23.368
20.81
13.66
13.359
17.213
19.114
15.795
19.499
21.75
19.337
21.461
22.441
17.961
22.536
20.704
13.557
23.571
19.545
20.664
20.089
7.9592
21.238
18.143
22.197
17.952
18.02
14.395
19.025
20.152
10.769
21.163
18.151
24.582
20.296
21.312
23.344
21.558
15.885
22.784
13.866
18.81
22.494
18.286
18.305
15.475
11.024
10.924
15.469
21.714
18.378
10.943
8.7535
20.8
22.945
21.482
20.335
21.418
21.567
20.253
20.532
11.453
21.255
23.205
19.992
22.066
8.3522
18.009
20.142
16.942
21.682
23.612
11.716
12.022
19.88
21.608
22.005
10.091
18.715
20.781
19.975
22.538
20.826
19.641
20.076
17.929
20.412
23.24
21.321
9.1806
17.367
20.269
22.131
23.514
14.148
15.666
21.466
21.054
24.051
21.039
20.399
10.811
22.561
18.801
20.871
19.857
22.131
21.803
21.773
14.755
13.262
19.116
19.421
22.952
19.926
17.438
22.131
14.254
13.609
20.222
10.254
20.4
16.538
21.826
17.819
12.641
22.255
12.109
21.286
23.529
17.474
21.991
21.868
18.011
6.7147
22.237
21.245
19.691
20.568
8.4899
14.519
13.396
20.555
21.122
16
22.035
20.694
21.175
19.444
22.929
14.424
22.184
21.528
21.329
24.045
10.088
20.066
20.982
21.347
22.327
19.385
12.864
22.122
18.445
18.788
20.299
17.618
18.01
19.768
15.742
18.31
21.743
23.154
19.922
4.5703
18.428
12.175
21.716
17.538
17.863
22.355
8.5584
23.747
24.27
9.619
21.684
24.931
22.645
14.632
23.068
22.392
17.039
13.545
16.05
18.022
9.7357
17.384
21.763
22.055
17.797
10.201
14.401
10.661
21.723
15.038
17.653
21.776
22.362
22.682
20.04
21.805
25.571
20.73
21.996
11.41
21.915
21.767
21.356
22.194
16.171
14.696
21.592
23.069
17.806
18.713
20.625
24.663
20.611
17.129
21.172
12.957
22.301
22.308
17.543
6.1114
20.141
15.325
12.695
23.526
24.612
20.121
19.047
21.689
21.374
15.571
20.72
20.924
22.015
19.662
16.528
20.034
14.342
23.035
21.05
22.773
19.89
12.9
21.121
23.296
17.296
19.368
9.3131
24.057
20.918
20.999
23.704
21.104
20.397
18.841
22.863
19.063
22.741
21.294
22.546
19.047
8.9229
11.262
14.313
14.708
18.78
11.708
13.083
20.127
19.653
22.525
19.463
19.031
13.253
21.29
24.212
17.989
6.8869
21.861
16.361
17.99
24.163
11.743
8.1201
22.028
21.263
23.855
17.568
25.077
23.542
20.274
22.446
22.149
10.148
21.387
20.16
21.139
22.906
14.236
18.602
13.953
15.392
19.784
22.488
23.753
14.857
19.896
21.17
17.146
10.184
19.111
20.871
22.579
15.835
21.933
12.362
21.371
9.3244
14.424
14.72
12.144
21.06
11.361
21.034
15.828
22.955
17.208
12.57
21.429
19.37
23.986
21.044
23.172
13.038
23.029
8.3179
15.298
9.0728
22.994
18.637
21.59
16.227
19.784
23.599
14.997
17.683
16.201
23.827
19.812
14.687
21.579
19.195
14.099
22.657
19.144
16.341
7.8422
20.392
22.118
22.872
21.875
18.666
11.136
14.4
22.505
21.574
24.142
24.927
24.395
14.61
23.873
9.5374
21.825
22.007
14.801
23.504
22.9
10.801
20.625
14.244
21.949
21.777
17.408
12.582
17.61
22.856
22.526
13.593
19.158
24.185
10.666
19.915
11.199
20.996
23.385
22.331
19.66
21.189
19.019
20.036
22.376
18.532
12.391
21.338
22.517
15.044
8.7581
20.517
22.282
14.118
21.805
6.3629
20.094
22.23
22.604
14.427
16.499
13.247
22.684
23.605
16.727
8.2147
23.21
23.42
15.168
21.209
13.75
22.736
21.909
13.056
19.302
18.914
20.953
17.37
17.216
9.3074
20.561
15.577
8.0065
18.885
15.602
23.266
19.952
9.0419
16.532
12.664
18.103
16.135
11.581
21.934
18.151
21.573
21.661
18.721
16.025
20.934
7.9973
20.528
17.59
19.422
19.822
19.783
20.782
14.566
21.226
21.524
21.013
21.976
22.09
14.571
20.292
21.118
19.744
12.111
23.521
23.07
15.882
14.808
17.552
19.092
20.106
17.373
21.682
21.131
11.701
19.817
24.559
21.976
23.095
13.889
12.335
23.55
21.418
22.674
11.716
22.187
16.83
21.753
21.954
21.232
21.862
12.162
13.728
21.613
24.055
23.219
15.788
20.071
12.42
6.8697
15.774
21.801
14.127
21.505
21.337
24.552
14.348
8.0013
21.154
2.1649
22.793
12.628
23.634
18.826
21.611
19.34
23.028
12.861
24.959
6.3965
18.368
22.016
23.297
10.626
20.449
22.329
19.335
10.176
19.5
10.688
9.3084
18.702
20.599
21.807
14.97
19.905
15.611
21.646
20.823
20.384
13.63
23.537
10.33
11.655
26.163
22.027
11.3
23.344
12.418
23.232
10.621
23.213
22.191
8.0485
12.045
21.925
16.753
18.613
17.164
19.642
23.344
22.913
12.143
20.39
13.942
21.688
20.17
19.999
22.332
16.535
10.548
9.6573
11.886
21.401
12.213
16.293
19.5
23.331
20.377
8.8211
23.43
12.296
22.027
20.673
19.296
15.687
17.53
17.524
21.208
22.002
19.761
15.934
16.253
18.6
12.152
17.335
20.339
8.2066
19.688
19.929
20.907
20.047
24.055
20.551
7.9116
23.963
21.036
21.193
23.052
22.355
19.865
19.582
23.686
14.402
12.312
23.334
23.194
18.4
22.571
18.773
22.137
18.135
23.122
20.498
16.748
13.196
10.901
22.36
9.7327
12.645
18.433
21.544
22.858
24.897
22.604
20.146
7.1836
10.779
22.731
21.63
21.655
20.104
21.11
17.478
10.493
22.926
21.771
24.339
21.112
20.809
15.85
19.259
21.699
15.142
21.386
13.095
21.731
15.611
16.659
15.476
22.679
16.959
23.674
21.82
21.295
22.85
15.043
21.588
22.106
16.645
18.368
16.547
17.501
18.251
14.997
18.972
18.62
22.069
18.846
21.628
22.922
20.812
17.98
17.066
12.339
22.643
23.35
24.925
16.753
20.405
10.184
9.8396
10.277
25.31
18.255
23.245
18.601
20.653
13.764
16.537
7.7923
13.424
25.758
19.66
21.635
16.686
21.882
21.861
20.226
15.361
21.371
13.529
24.725
14.072
10.521
21.36
21.945
15.65
14.558
22.653
23.013
20.256
22.339
22.226
22.421
21.429
22.004
21.377
22.704
21.442
16.086
22.516
21.146
14.037
21.89
23.361
17.893
9.9526
20.516
22.958
21.286
24.626
21.794
16.298
12.955
15.22
22.374
12.748
23.869
8.6985
12.124
22.43
9.6624
19.696
18.637
17.43
5.0276
18.328
23.064
11.81
21.934
14.653
23.099
20.354
20.425
20.796
21.232
17.239
15.811
17.999
14.52
22.53
22.29
20.817
16.071
21.324
20.321
23.261
21.336
19.294
19.62
20.116
23.837
24.965
13.13
8.4471
14.641
21.103
26.608
23.496
20.309
12.632
11.806
21.467
22.764
22.49
21.561
17.711
9.5119
14.773
11.749
10.966
19.129
14.395
19.583
23.619
22.412
7.4478
21.342
19.154
12.805
25.872
19.19
20.522
18.492
19.618
14.524
21.011
20.983
14.027
21.502
18.714
23.485
14.554
3.1341
18.188
13.992
22.378
19.557
20.685
17.966
6.3455
15.666
10.385
9.2053
22.544
8.6081
11.844
8.4762
10.126
22.443
19.57
23.351
20.87
11.269
10.497
15.542
13.309
19.854
13.33
21.997
13.883
22.009
14.136
11.8
17.428
19.593
8.2673
23.3
15.455
22.171
17.343
22.073
23.893
22.503
20.941
22.481
24.751
13.572
20.907
16.29
16.121
21.309
8.5683
16.641
22.819
24.854
20.235
17.434
23.02
18.578
22.533
11.743
14.435
21.207
16.743
10.677
21.081
23.218
18.725
15.736
20.69
21.464
12.278
19.742
23.084
24.449
16.954
5.7188
18.906
19.404
13.798
16.163
25.644
17.668
19.933
9.9643
20.455
13.81
15.279
11.035
21.036
19.035
19
24.666
13.963
20.459
11.736
12.866
14.415
19.221
23.358
19.636
21.678
13.885
10.452
19.016
12.425
15.456
18.737
8.8705
11.636
2.4268
14.643
22.386
18.063
20.392
21.589
20.807
16.66
14.195
20.723
11.488
15.397
15.002
19.715
23.853
21.275
19.664
15.767
17.269
10.678
21.299
22.427
19.159
21.674
22.058
19.551
15.833
23.22
12.784
7.8848
20.183
15.903
19.261
17.046
22.715
22.513
19.815
21.754
4.7555
20.676
20.024
14.131
11.974
14.004
21.881
14.05
12.203
20.036
20.133
2.3385
17.277
21.538
22.183
19.2
18.165
21.253
11.974
22.793
13.31
16.88
17.746
19.87
21.512
6.2757
20.176
7.9163
20.196
20.521
20.208
9.488
21.632
23.164
22.587
19.12
20.793
21.465
19.325
12.081
20.224
21.149
15.063
20.627
20.859
11.329
25.572
17.812
20.025
8.9468
21.48
20.505
21.321
23.307
19.702
19.904
15.748
21.821
11.254
21.177
24.079
17.788
15.28
24.059
17.745
17.735
16.932
23.3
20.396
12.522
19.574
24.077
15.278
16.414
22.032
20.022
15.906
16.264
7.6568
21.58
24.526
20.374
19.146
18.428
15.845
22.435
6.3122
20.584
21.613
10.549
20.131
21.362
10.907
15.001
15.685
9.5775
13.474
21.58
20.165
23.896
22.736
12.793
15.056
8.8886
23.244
19.41
16.43
19.789
19.704
19.416
21.352
23.274
21.011
22.12
15.379
22.469
20.916
10.751
6.8356
10.85
23.751
23.09
15.841
21.681
12.139
17.384
18.966
16.306
10.423
15.249
20.481
14.888
14.908
13.17
23.252
14.945
13.376
22.736
17.575
22.136
12.781
22.274
23.464
18.8
21.243
22.149
9.8016
21.464
20.994
21.946
21.527
5.9359
23.509
19.511
23.038
21.135
14.063
22.838
21.498
19.38
20.945
20.773
17
12.789
16.591
18.265
24.045
21.294
9.6164
16.336
18.949
17.081
16.151
21.929
8.1724
12.062
23.002
20.614
17.377
21.836
22.618
20.784
20.311
19.257
20.757
19.887
21.476
12.134
20.178
21.833
11.357
21.839
15.127
19.898
20.859
10.255
22.618
13.872
21.228
22.149
23.226
10.172
19.684
23.026
18.273
23.74
15.485
10.07
22.33
20.869
21.823
20.912
20.411
11.973
15.296
20.196
20.928
25.672
8.1573
10.917
13.349
26.633
20.653
22.977
7.3289
22.168
6.7423
20.578
18.268
19.987
10.85
20.424
15.185
21.929
23.594
21.627
16.766
20.085
19.908
23.758
20.588
14.073
25.539
22.691
12.142
11.129
22.937
24.81
19.232
10.274
8.1411
25.418
13.199
14.044
17.541
7.0601
16.852
19.518
22.814
20.503
19.863
22.17
20.953
22.453
20.813
19.28
20.754
20.375
6.7457
13.728
20.836
8.6434
19.861
23.48
20.773
17.614
13.408
17.187
9.1711
13.816
20.793
12.188
24.432
18.714
21.394
9.9188
19.911
12.536
20.89
10.518
23.443
15.763
24.587
11.377
23.219
22.583
24.625
21.577
21.293
22.193
21.919
19.431
10.471
23.873
21.119
22.841
21.364
10.193
21.738
20.413
11.287
13.777
12.651
16.547
23.009
23.026
23.367
14.44
12.689
20.396
23.266
17.046
15.242
19.323
23.597
22.375
18.412
8.206
9.8529
24.685
10.932
19.688
15.858
18.438
14.443
23.121
14.203
24.496
21.776
22.294
22.265
20.878
22.825
16.994
11.523
21.398
18.76
9.0107
23.424
24.544
20.019
24.254
17.854
15.574
14.471
14.284
9.3753
22.097
11.38
21.285
15.041
21.197
17.3
23.145
20.84
19.528
20.929
21.207
22.04
24.936
23.557
20.48
23.47
22.374
25.394
10.041
21.844
21.281
23.476
7.8447
20.146
18.762
23.098
18.855
22.892
20.7
19.752
20.828
14.555
14.112
11.36
19.328
13.952
19.513
21.236
21.635
6.8042
23.453
21.357
7.6859
10.635
21.942
9.8176
11.028
21.646
22.325
20.351
19.525
11.672
19.931
22.789
20.646
22.207
19.181
20.225
17.514
15.61
13.469
22.762
19.712
20.59
23.499
18.931
19.594
7.1365
19.784
17.492
8.7831
11.008
22.352
20.97
13.609
20.458
21.638
21.7
24.126
23.007
21.082
23.261
23.224
20.008
20.274
17.748
12.569
22.785
14.486
9.7471
17.67
18.586
20.079
19.467
12.587
23.614
14.165
18.736
19.535
19.785
18.702
15.762
21
20.96
16.09
12.712
19.117
20.513
13.591
10.98
11.342
22.118
9.7178
18.83
12.926
20.584
4.9922
11.562
20.457
17.796
20.771
23.783
14.222
17.373
22.228
19.886
12.296
21.579
15.234
21.643
14.643
22.226
20.617
11.927
21.864
11.942
9.3737
23.766
10.271
18.003
14.409
13.144
13.695
20.926
21.274
9.8403
15.146
22.08
14.94
12.425
18.871
12.913
24.166
23.166
21.328
24.853
20.612
19.737
18.643
20.948
18.72
20.854
11.428
14.972
7.1311
23.493
21.44
21.9
8.8997
19.659
22.982
8.4048
15.083
11.788
20.178
9.7321
23.021
20.396
12.921
12.467
17.065
11.558
21.711
22.267
22.298
10.535
9.9777
11.78
21.112
23.2
19.027
14.651
23.838
18.606
14.396
21.579
15.647
23.981
8.6447
19.191
21.237
20.186
20.798
12.891
15.892
21.792
8.1482
20.156
20.851
21.874
10.026
14.511
9.4251
9.1831
19.087
16.555
24.299
14.072
19.054
11.745
9.964
19.825
22.09
18.646
9.9389
20.095
9.6492
20.035
12.264
14.601
25.491
18.618
24.82
19.33
21.084
18.869
17.593
17.617
19.018
19.354
13.981
20.844
20.623
20.056
21.59
18.033
22.405
19.821
21.242
22.527
20.269
10.449
20.651
20.546
5.0619
13.815
20.298
16.659
9.6681
13.965
14.299
22.862
11.138
22.778
8.1179
17.571
21.949
20.109
19.613
11.645
20.343
8.9229
13.945
21.412
16.23
15.16
18.466
16.095
12.397
17.185
9.3216
15.738
19.58
22.022
13.632
20.634
20.374
23.322
19.045
10.632
22.36
19.356
20.474
11.911
18.791
16.234
23.797
16.847
17.091
19.373
6.0764
15.312
22.437
21.744
18.747
14.085
7.1995
23.242
20.711
14.943
21.697
11.633
16.38
19.393
21.488
22.504
22.675
19.793
16.099
21.601
20.742
10.289
22.086
22.802
12.772
14.602
23.953
11.822
18.731
15.088
15.585
19.23
4.0827
20.645
10.532
17.7
19.774
23.735
19.336
23.517
13.328
20.83
14.542
20.2
10.576
10.873
23.528
17.393
21.689
23.244
24.008
23.295
22.182
19.826
21.448
21.237
15.271
20.677
15.554
17.653
20.074
22.388
21.073
11.754
20.619
13.14
12.566
23.06
12.587
21.175
19.693
20.577
21.257
22.472
20.066
22.349
13.401
12.687
26.431
16.263
17.012
15.272
13.398
20.235
21.773
20.045
8.7337
8.2944
9.7307
7.7133
14.236
19.51
23.906
11.322
7.6508
17.84
24.454
20.738
9.761
25.16
17.583
18.686
14.381
19.804
21.2
20.465
8.8713
14.972
7.5214
20.343
21.911
25.934
18.527
18.412
14.749
12.416
18.223
9.7388
16.988
8.5483
22.291
16.848
9.7473
17.383
22.351
13.936
6.5326
21.785
22.067
16.741
8.4321
20.227
21.115
16.937
20.232
25.502
11.87
9.4747
18.847
23.598
6.1088
11.21
8.5261
19.124
20.796
22.745
22.148
23.328
14.38
21.408
20.177
14.661
21.923
16.307
10.176
19.566
19.167
19.241
17.321
17.732
19.074
9.8965
17.451
21.797
13.741
21.406
20.026
19.806
23.194
8.5852
15.848
17.977
15.836
22.581
21.334
13.881
23.728
22.109
21.563
17.94
23.602
11.348
20.321
7.6707
19.559
18.252
20.653
16.307
20.438
20.568
20.115
13.117
16.866
20.896
21.553
20.401
20.564
18.886
15.934
17.949
20.99
21.021
21.026
23.885
23.771
22.463
22.828
20.978
22.175
21.412
13.542
24.101
18.296
21.912
18.085
22.347
18.216
24.406
23.371
11.67
23.372
23.215
17.722
17.068
22.109
21.742
11.502
19.754
18.295
12.081
24.382
22.307
20.333
21.455
17.405
10.483
10.338
15.875
17.451
20.738
15.285
18.696
21.791
21.914
22.39
12.676
15.936
23.132
9.5519
20.665
18.884
10.611
14.075
17.565
21.026
18.418
21.441
18.524
5.2329
21.643
20.657
15.666
18.528
15.919
11.961
20.724
18.738
22.323
21.382
20.515
20.875
19.226
19.484
18.144
22.584
22.256
21.578
23.099
17.765
7.5798
20.373
6.2845
19.721
21.615
15.089
19.926
14.356
23.578
17.991
22.174
10.465
9.2797
12.506
20.15
21.591
21.125
8.7363
21.094
20.032
15.257
19.458
15.97
23.347
21.303
20.652
8.7991
14.386
15.482
14.328
23.543
21.471
20.006
7.3142
20.109
19.184
19.222
11.195
13.406
23.856
12.368
20.714
22.063
20.794
11.367
20.435
20.407
13.71
21.305
22.956
21.71
19.355
20.721
20.642
10.632
17.688
14.122
18.125
12.175
21.229
22.112
14.959
12.405
20.08
9.8122
22.839
20.093
18.946
24.466
25.352
16.077
22.946
22.001
4.1523
19.56
20.076
12.937
6.1642
20.334
19.705
16.771
24.738
5.5233
21.003
23.129
23.008
20.74
20.993
10.709
21.021
19.796
19.289
19.285
17.698
20.972
9.8135
9.4845
20.735
16.267
14.471
22.373
21.445
22.978
16.383
13.167
20.926
20.278
20.803
12.103
13.802
20.273
21.509
13.377
8.7639
8.0057
20.386
20.052
23.697
20.135
10.376
14.871
13.754
18.268
20.91
22.471
22.308
15.822
22.626
20.367
9.4509
12.286
20.895
13.255
15.728
15.375
12.956
11.968
21.872
21.166
21.212
21.057
22.943
22.788
21.169
15.278
23.993
20.804
12.34
13.032
12.744
20.027
21.332
23.353
21.99
12.75
20.771
21.303
16.119
13.689
22.053
15.02
16.773
24.393
16.436
21.081
15.078
23.464
21.803
20.217
20.145
22.45
20.783
20.501
11.179
23.151
21.146
19.814
21.711
11.857
1.731
18.018
9.7368
18.03
11.942
14.594
21.059
15.1
14.029
5.918
23.954
12.237
22.23
11.896
21.858
21.794
19.929
10.949
22.317
22.744
12.908
19.205
19.099
17.253
21.803
7.7444
8.6981
18.784
13.742
21.941
22.506
16.089
19.54
17.801
16.364
20.735
20.987
13.908
20.421
23.729
23.912
9.8033
16.835
13.073
21.695
6.2719
24.046
11.192
14.251
19.809
23.21
21.207
20.123
9.3031
10.151
11.171
16.865
14.457
21.695
18.923
13.594
20.66
21.359
14.88
19.447
21.418
16.706
21.194
22.597
16.533
13.52
14.829
23.418
9.8006
12.388
19.27
13.652
18.859
20.599
11.883
17.677
15.013
22.556
25.075
17.075
21.911
18.621
15.789
19.672
13.429
16.983
22.215
22.781
22.173
21.22
21.534
19.8
20.905
22.874
22.204
15.946
22.161
18.065
22.955
9.5561
18.838
11.724
23.287
24.133
21.944
11.49
12.814
20.428
23.163
8.4375
21.236
21.772
18.494
19.16
7.5577
22.53
22.874
14.732
8.6088
21.213
13.292
22.627
20.665
20.049
21.138
12.999
24.933
10.266
17.13
10.816
21.659
20.302
9.7611
20.266
21.484
22.654
19.698
21.435
24.032
7.2016
17.689
22.287
11.022
19.297
15.277
12.791
9.2691
21.713
18.33
13.309
19.296
22.332
19.625
19.034
19.815
18.929
20.852
16.891
17.256
17.884
22.966
22.323
15.901
14.802
22.13
15.606
17.552
14.789
20.241
22.032
16.419
21.388
13.497
10.12
22.315
11.748
21.426
6.5685
19.91
22.009
8.025
9.3015
21.883
22.461
3.8197
20.808
12.776
19.69
12.99
20.698
6.4186
21.793
13.026
17.252
20.942
20.883
21.965
20.91
19.785
11.154
23.068
23.751
19.304
19.223
16.051
21.47
23.052
22.271
22.332
17.912
20.785
22.19
20.168
21.76
22.161
11.411
12.742
23.35
22.423
10.561
24.845
21.739
10.565
17.637
9.223
18.515
13.588
20.397
16.104
6.9934
19.039
23.169
23.439
17.811
20.173
20.326
20.663
19.22
21.271
20.192
14.411
21.934
21.429
15.239
17.844
9.9854
22.773
23.946
19.999
21.695
18.817
8.9522
10.879
20.366
7.5801
23.906
20.375
22.049
11.268
21.565
8.9794
21.136
23.348
22.271
15.758
21.161
18.917
14.811
23.125
25.317
18.713
12.862
20.051
24.88
19.456
21.39
21.455
18.433
16.906
14.908
16.689
10.77
8.9623
13.999
14.093
19.232
13.846
20.572
22.343
18.516
15.406
13.73
22.202
20.831
20.98
21.269
19.549
21.4
18.618
14.689
20.592
11.248
17.987
17.037
6.1385
14.756
15.945
11.622
21.448
13.161
12.953
9.2252
7.4376
19.643
8.8189
11.537
21.011
20.038
21.179
13.842
23.236
19.496
23.598
21.799
18.295
10.744
11.853
11.624
25.346
14.851
20.089
18.486
22.338
17.349
7.6315
5.0489
24.4
16.477
21.557
18.229
13.585
22.903
18.262
18.857
16.146
20.967
20.407
22.263
22.805
13.907
17.604
23.01
20.536
21.258
21.04
17.041
17.771
21.215
22.6
10.272
13.052
15.931
21.582
10.635
14.626
19.532
20.642
19.218
23.808
18.952
20.809
18.715
18.035
15.159
21.307
17.338
18.312
23.553
19.178
21.673
20.17
16.956
14.886
22.488
13.434
21.06
10.992
17.552
12.703
20.947
21.338
24.484
23.614
19.588
16.864
22.985
15.164
22.228
23.048
13.043
20.805
9.0298
15.527
18.043
15.784
11.415
19.062
11.916
5.2876
18.168
20.4
21.099
12.408
15.792
14.825
12.791
11.509
4.4088
20.399
8.9019
19.701
15.05
9.2054
20.413
12.31
13.466
18.778
25.616
20.104
21.071
20.197
19.532
17.329
21.784
22.271
19.624
19.945
22.478
23.215
23.275
16.964
22.163
21.737
8.2475
18.781
20.022
21.252
20.522
20.65
20.689
24.249
21.737
15.072
12.92
11.725
10.994
10.757
13.13
19.609
18.836
9.0812
20.564
16.4
14.877
11.417
25.071
19.478
13.986
11.601
12.346
23.385
22.669
19.824
21.27
19.1
24.932
20.613
19.316
11.835
15.862
20.733
20.351
12.739
18.886
21.572
25.328
21.437
19.772
22.167
18.053
19.352
15.474
23.679
21.937
21.222
21.136
19.298
20.907
16.765
10.793
14.712
11.136
20.791
15.418
12.282
19.61
18.421
17.348
23.785
12.239
18.846
14.088
17.498
20.318
15.518
18.529
18.928
19.041
11.491
5.1529
15.067
18.987
20.105
12.122
20.374
10.27
14.594
22.328
22.802
20.449
12.505
18.971
19.813
19.377
23.69
21.56
24.051
11.479
11.245
20.058
20.003
20.821
16.847
8.3129
20.954
12.423
23.127
9.1442
23.05
18.745
16.754
22.65
24.661
20.824
20.852
16.008
21.979
18.244
23.167
21.362
18.937
17.869
13.357
10.287
21.024
22.971
10.105
22.857
20.999
22.415
19.711
13.393
17.462
17.354
22.048
22.166
22.624
20.9
14.749
23.074
20.98
17.187
18.381
13.804
19.799
12.035
22.885
18.731
7.5244
24.787
18.064
20.184
20.24
22.419
13.607
18.823
22.415
15.239
20.664
19.537
19.866
19.992
10.555
7.2473
14.317
15.603
17.105
15.443
24.211
22.126
7.0917
22.506
20.236
9.4551
20.022
24.295
21.256
19.765
12.632
21.673
13.45
21.555
12.641
12.989
22.138
21.204
17.532
20.94
22.111
23.316
22.42
17.261
11.38
23.265
9.8133
12.703
20.065
23.215
23.356
25.048
21.815
21.709
23.061
20.058
23.446
19.159
23.323
19.997
14.041
16.366
17.188
21.616
20.156
10.67
26.068
16.375
12.669
20.496
13.043
16.32
23.098
6.6239
12.918
22.701
23.23
24.123
12.826
13.481
12.217
13.011
18.266
19.231
12.664
13.987
20.385
11.128
18.033
12.997
14.954
19.28
15.413
10.674
22.063
21.88
21.525
7.9293
11.475
11.95
17.419
13.382
22.635
15.715
20.362
17.739
19.919
23.505
13.521
22.374
17.699
14.497
10.745
14.372
16.734
22.25
19.764
20.21
12.982
17.025
21.576
17.706
23.772
5.549
22.267
16.005
20.686
14.641
22.947
15.043
21.898
20.353
13.319
17.204
20.152
14.239
10.203
23.52
21.801
23.872
12.776
12.993
8.0078
12.286
16.099
4.8763
13.918
22.701
13.163
22.849
11.763
18.651
19.757
14.51
21.385
21.747
6.4488
22.875
18.361
23.901
10.633
8.0068
20.93
19.97
24.658
20.863
11.123
21.942
18.208
21.088
20.941
11.878
17.483
12.385
21.772
21.091
23.881
19.539
14.985
20.872
14.192
22.351
21.603
11.277
22.082
9.9999
22.137
20.94
12.534
23.517
16.783
18.551
20.889
21.839
13.925
21.664
20.592
18.075
8.3703
7.1324
13.548
22.402
15.161
21.226
23.996
20.383
21.835
10.406
21.429
20.575
9.3186
21.172
16.431
15.686
19.638
17.899
11.257
2.0517
16.108
23.392
16.114
12.354
13.517
22.837
23.363
20.831
22.042
12.709
17.145
22.619
22.305
12.756
17.988
13.718
18.753
13.778
20.673
24.669
14.468
15.613
17.105
14.008
14.043
14.776
11.017
22.645
11.223
13.788
16.064
12.455
6.6694
21.256
14.924
12.977
14.444
11.877
21.644
21.632
11.185
21.921
11.749
13.675
13.341
22.554
12.227
24.473
21.411
10.609
12.549
21.254
11.147
13.673
8.5486
22.503
12.77
8.8409
21.421
24.839
21.759
21.376
22.134
22.985
21.321
16.255
19.107
22.167
16.626
19.748
20.819
24.028
21.631
17.855
4.8724
22.857
16.111
20.973
14.256
15.415
19.644
5.9603
25.201
18.906
14.174
16.442
24.744
22.491
11.919
24.225
11.984
16.696
17.756
21.712
21.718
20.791
19.81
21.62
20.62
20.467
8.3472
15.136
12.912
17.027
13.375
12.537
21.181
16.751
12.917
17.61
11.534
12.706
12.483
23.115
19.562
17.82
7.7266
9.561
15.93
22.816
21.055
21.35
14.761
10.518
25.477
15.021
10.085
17.941
8.2277
20.332
25.114
19.513
19.765
16.471
21.194
14.031
23.799
10.037
26.533
21.909
21.554
17.474
21.763
22.825
8.3626
18.047
16.404
19.699
15.889
20.139
20.977
13.574
20.359
21.655
18.583
21.262
21.193
12.33
13.415
16.651
24.217
22.233
19.758
21.086
21.328
6.9635
24.288
13.183
13.69
12.145
21.464
20.754
23.572
12.378
21.252
17.882
18.378
21.409
13.637
10.917
7.1436
17.147
10.901
17.293
24.304
15.264
17.241
19.382
13.468
22.692
22.57
22.194
25.107
23.585
10.525
20.562
10.977
22.929
12.125
17.94
23.13
14.148
23.877
19.265
20.859
18.336
24.532
14.435
20.968
22.76
21.605
20.704
21.933
9.6715
23.967
7.9966
14.818
22.677
24.422
14.977
9.1481
22.384
21.887
22.475
24.003
20.809
23.087
19.649
22.943
20.414
21.198
22.599
13.64
17.881
21.255
22.673
19.037
22.714
22.976
20.491
21.161
14.923
21.194
13.132
15.716
20.224
22.65
17.692
21.207
11.404
20.371
13.483
22.682
3.5653
11.575
14.884
23.129
18.566
14.639
22.661
20.326
24.129
21.472
20.384
19.491
23.146
14.286
21.399
20.596
22.9
23.082
19.818
14.01
17.539
23.212
22.58
17.406
21.855
14.353
20.899
19.534
16.235
17.068
15.07
18.276
10.643
21.577
19.336
10.005
23.455
12.896
15.072
19.246
17.011
18.713
21.183
25.596
22.898
15.719
19.029
19.201
18.548
23.503
23.033
20.521
19.738
21.614
11.749
20.992
10.157
20.329
16.722
12.257
7.7366
14.093
16.804
9.826
21.769
21.42
23.41
22.016
18.461
22.948
11.551
15.496
14.86
19.932
9.6988
22.002
22.44
18.663
19.021
21.185
14.609
21.892
17.117
13.53
8.6278
19.226
20.412
25.748
23.399
21.303
24.068
16.778
22.624
8.3246
22.618
20.738
21.394
19.671
14.561
23.844
19.625
7.8226
12.337
7.0297
16.05
11.645
19.317
12.805
22.685
21.889
24.187
25.353
21.313
21.249
21.535
10.29
16.542
12.604
22.412
7.6547
10.9
22.212
21.837
21.171
21.271
20.929
23.722
19.751
16.315
20.447
13.105
23.054
13.835
20.133
21.51
11.587
12.713
18.077
21.046
10.454
20.831
16.682
23.095
21.157
15.648
17.498
22.269
20.588
8.0713
21.045
22.42
12.309
21.988
22.727
21.035
11.539
10.641
8.8334
20.05
22.235
20.839
11.761
22.588
13.219
21.766
24.692
21.016
19.192
21.102
10.974
14.615
20.631
23.78
19.529
18.854
15.809
14.149
13.701
18.061
25.059
22.997
23.167
17.257
14.275
16.397
14.561
16.399
8.0838
10.601
16.887
17.324
22.649
24.423
23.079
21.914
22.165
20.47
13.078
12.994
22.06
22.895
22.656
19.931
20.366
22.369
17.582
17.554
23.561
17.26
20.246
18.888
7.0097
15.842
13.378
24.872
21.123
20.627
10.032
19.427
12.497
19.078
21.046
18.674
7.5322
12.98
24.028
21.571
21.073
9.3925
18.958
21.111
13.515
19.404
20.771
9.4839
20.626
22.863
14.37
22.562
18.994
10.001
10.822
7.1066
18.986
22.89
14.71
14.663
18.035
15.363
21.441
19.426
19.823
22.565
19.879
21.635
18.005
21.735
13.207
10.398
12.556
16.109
18.736
24.31
11.689
15.756
23.157
20.982
8.4688
15.362
19.798
20.984
20.698
16.457
23.408
13.978
19.579
17.658
16.415
21.528
20.924
22.215
16.473
16.911
20.16
20.826
20.436
21.033
22.573
10.098
23.492
21.72
22.854
8.8811
9.7382
22.423
25.531
20.758
13.541
10.85
21.543
22.259
20.373
11.981
19.165
24.264
21.964
9.6294
23.516
17.039
20.075
21.091
19.805
16.409
23.417
5.6348
8.5097
22.948
20.042
22.34
20.208
7.5203
7.7947
21.401
21.67
23.341
19.085
20.669
23.209
14.408
14.274
24.79
22.181
18.811
18.147
17.428
4.9211
20.733
18.882
20.773
16.291
10.733
20.272
10.023
23.084
19.837
22.263
22.534
19.505
19.998
21.002
11.18
21.96
20.998
16.462
19.243
10.361
21.149
20.657
15.931
19.996
19.884
7.7525
20.659
21.79
23.513
15.504
16.562
21.59
19.815
13.382
19.643
20.293
15.798
20.166
20.139
21.042
21.887
19.081
21.875
21.725
24.297
23.295
18.967
20.639
6.9711
15.087
12.886
16.315
16.921
12.227
11.164
19.867
21.531
12.497
14.176
24.213
25.567
21.031
22.635
22.309
16.531
22.406
18.652
20.543
22.736
9.4803
23.346
21.073
17.432
20.526
15.067
19.311
21.132
14.679
15.534
21.439
22.684
23.201
10.794
19.753
24.85
9.3349
10.009
13.903
12.336
21.151
18.838
7.6083
19.98
12.908
23.668
22.052
15.464
19.999
11.042
10.917
17.192
24.947
22.986
13.481
15.158
18.537
24.66
7.6914
21.198
21.493
8.2031
16.18
17.23
18.756
9.9923
22.134
16.747
17.041
24.233
16.269
12.056
13.592
21.227
21.55
10.486
9.5779
16.084
22.116
12.49
13.437
21.898
6.2517
24.417
12.245
14.461
15.66
20.8
18.801
20.134
26.246
15.487
16.859
22.323
12.773
23.493
20.644
6.8358
14.441
15.253
21.385
22.765
13.442
10.469
22.31
10.499
20.445
22.796
22.177
21.232
17.574
6.2301
11.023
14.511
19.022
18.628
21.847
24.344
19.694
10.368
14.952
11.805
19.081
21.417
17.499
14.579
23.464
12.104
13.129
13.371
21.459
11.747
20.7
8.9145
10.539
14.03
16.539
21.621
19.096
21.383
14.453
22.786
15.694
22.015
23.44
25.315
22.33
6.5276
16.691
22.687
7.4036
17.931
9.3761
24.681
25.667
16.622
24.246
20.929
13.968
23.412
18.036
11.23
13.136
16.079
23.482
7.094
11.812
16.301
18.421
13.981
14.046
23.712
12.383
21.821
22.111
21.232
21.029
20.341
19.212
21.925
21.517
21.148
10.762
23.323
20.58
11.928
12.684
21.312
15.645
21.995
20.102
14.82
19.261
9.5959
12.211
2.8984
20.369
14.601
18.506
9.0429
24.716
19.998
25.505
12.765
20.661
8.7111
21.694
11.315
14.443
20.044
14.037
22.872
9.5967
15.206
19.907
2.2483
11.174
13.739
17.152
12.005
19.04
18.578
22.672
24.929
17.745
22.602
22.929
22.406
19.291
19.926
19.893
21.682
18.961
20.121
16.072
19.606
22.128
8.4462
20.838
23.507
21.706
13.708
11.135
22.629
19.688
20.073
19.911
14.382
12.874
11.742
20.939
24.045
18.905
15.269
12.421
11.986
21.354
24.469
20.352
21.245
20.676
20.937
21.952
15.311
20.495
19.81
8.4763
19.21
22.063
9.9359
16.402
20.495
23.323
21.565
18.374
14.017
22.196
19.778
22.965
20.37
12.778
15.736
22.128
19.523
13.382
12.327
24.349
20.646
20.215
20.992
6.5008
23.893
18.851
21.488
16.95
11.694
15.305
12.705
21.232
21.278
22.983
7.7414
19.65
25.064
10.796
22.667
19.292
20.39
22.206
14.942
23.149
23.503
18.613
18.868
11.677
21.442
12.153
13.158
7.4994
7.7055
20.945
23.457
24.569
14.185
14.613
14.127
17.02
12.502
21.376
16.377
23.77
8.0124
17.801
16.708
21.31
14.765
22.8
19.037
11.06
23.577
15.222
6.2904
20.717
12.23
18.578
22.005
11.151
20.886
12.927
19.074
13.269
23.152
17.793
4.873
17.041
12.686
9.8126
20.011
19.748
14.253
7.0968
23.241
22.158
8.955
24.08
20.999
10.266
13.697
19.753
20.284
26.652
6.4276
9.7456
13.021
15.025
22.037
22.654
3.8951
18.766
21.163
14.05
21.66
23.241
23.897
21.525
17.324
16.971
22.122
21.117
21.8
12.069
19.093
14.064
10.894
22.37
13.805
18.631
13.24
21.16
22.984
21.74
21.723
19.964
12.039
21.32
21.113
20.763
10.132
24.655
14.209
15.011
23.538
15.595
23.219
20.649
18.001
14.344
8.3129
15.461
22.077
19.67
19.892
21.249
21.393
11.849
16.706
20.018
18.931
21.976
20.535
21.82
22.106
21.237
16.572
16.714
19.1
7.5583
18.856
15.019
21.688
13.132
11.507
20.385
12.415
23.156
18.509
19.889
16.218
22.194
21.245
15.764
22.35
22.441
22.17
14.887
7.2812
19.431
22.361
21.55
24.167
23.36
21.986
22.1
21.888
14.48
18.726
23.322
22.73
17.933
21.066
8.7178
18.907
20.982
22.401
18.298
12.646
19.718
22.208
10.2
10.187
23.422
26.463
17.581
15.612
22.493
10.423
12.474
13.167
9.916
20.953
23.389
17.651
13.879
22.963
15.871
20.676
22.715
21.73
22.056
7.7753
8.98
9.0789
24.131
16.388
12.228
14.499
18.187
21.28
24.713
19.038
16.505
8.5433
19.798
21.155
20.699
21.484
22.854
17.16
21.792
12.115
16.345
24.828
21.42
25.239
20.927
24.179
22.061
15.706
7.3708
24.867
12.919
8.0134
22.257
18.547
19.894
15.394
3.7883
21.423
19.417
19.718
12.476
18.168
16.795
21.268
21.376
22.556
14.332
20.202
23.419
22.692
15.076
20.67
19.924
19.049
21.454
16.459
11.614
10.313
21.504
12.214
19.386
20.473
22.068
15.2
19.98
20.912
18.692
19.697
21.58
21.811
22.232
19.289
22.295
17.346
20.27
21.794
14.56
21.517
7.628
21.09
11.231
12.458
20.643
19.757
21.439
13.941
14.657
20.239
19.781
18.008
23.026
23.264
7.9871
21.956
5.6233
21.982
20.811
13.061
20.523
12.625
15.099
19.419
23.947
21.753
21.346
18.396
23.85
21.341
22.788
23.375
18.375
17.055
18.622
22.36
21.395
11.913
18.573
10.088
22.783
21.873
23.16
15.572
18.067
19.572
20.411
21.331
8.6901
13.95
15.945
17.022
20.525
15.675
18.867
24.289
19.058
20.488
24.629
8.3868
23.286
19.79
11.32
12.603
4.0191
18.35
19.106
22.459
23.08
7.2066
12.395
21.719
12.312
23.68
11.84
24.549
25.922
16.599
13.964
17.03
19.368
9.9391
17.036
12.803
25.581
23.74
20.819
21.165
10.243
9.9727
12.039
4.681
16.395
9.2132
20.706
21.823
25.851
22.234
23.489
9.8229
8.984
17.681
21.074
15.105
22.138
21.544
10.932
18.871
10.015
20.995
20.714
15.842
10.112
14.649
23.275
15.483
22.241
21.215
20.232
17.836
18.33
23.893
16.909
21.906
19.902
16.686
17.517
24.435
20.875
14.338
18.418
23.249
20.685
22.255
9.6916
21.671
11.003
18.928
8.0023
20.513
16.028
14.596
14.69
13.669
19.092
13.619
14.216
21.755
22.25
22.532
16.923
19.395
21.75
17.762
21.26
13.007
8.4678
21.5
11.177
21.905
23.351
18.754
20.378
21.129
14.15
20.252
15.825
25.972
22.782
21.249
8.706
20.911
13.455
22.916
20.561
13.71
20.186
15.227
21.665
12.844
19.805
22.326
10.889
20.762
20.48
22.545
14.551
22.996
21.822
23.787
18.18
13.905
21.551
19.131
18.459
16.314
24.092
23.975
20.494
19.518
19.899
22.18
9.5904
12.365
19.835
22.138
15.045
20.821
10.86
20.157
12.885
12.681
20.473
20.885
16.595
15.679
19.793
24.314
21.662
15.128
10.221
19.895
8.6343
19.262
22.84
18.673
25.671
20.304
23.065
14.923
11.87
23.949
22.61
20.43
19.253
24.266
14.273
20.501
22.926
6.3552
21.068
16.906
21.003
11.332
20.643
20.552
21.651
13.282
17.345
12.512
17.904
17.555
22.08
24.413
19.808
14.715
13.982
19.026
20.091
20.939
11.02
21.959
19.39
21.522
14.991
23.663
24.27
19.751
23.547
10.202
18.119
18.063
19.744
22.373
23.525
9.6329
21.462
11.255
23.519
8.9098
23.512
6.2133
16.666
10.53
14.032
10.447
15.573
24.414
21.606
14.712
12.391
13.413
20.89
21.166
18.611
20.59
18.195
20.464
19.886
23.021
11.473
9.5773
19.864
15.503
13.391
21.585
20.461
19.769
17.857
11.527
20.649
23.746
23.213
15.044
16.313
19.186
18.682
21.282
16.557
23.317
21.687
20.715
21.023
21.753
18.671
20.391
11.776
20.689
4.1025
16.752
22.359
15.44
23.544
23.755
23.419
22.646
14.505
19.915
13.206
20.384
21.982
12.369
19.93
14.388
17.237
14.084
19.545
11.309
10.378
22.842
15.077
14.146
19.08
24.915
20.374
19.923
22.2
20.249
20.254
24.534
20.779
17.277
23.012
21.923
22.73
22.471
10.42
20.963
7.4883
24.36
8.9205
13.505
13.465
15.804
14.504
22.496
15.992
15.079
16.019
21.239
19.502
14.915
22.286
19.793
14.968
16.1
18.427
15.815
21.447
21.402
20.571
16.625
12.842
23.284
8.0472
22.463
21.396
19.937
20.436
21.213
22.134
15.604
16.138
10.839
19.906
18.077
19.862
13.468
8.918
21.81
22.95
14.335
21.204
20.882
23.042
19.864
12.699
19.369
11.403
17.568
16.946
22.063
14.862
21.281
23.194
22.176
21.044
19.187
20.275
23.737
19.203
20.29
20.243
12.42
20.979
22.657
22.402
21.192
22.104
20.597
22.68
9.0245
11.001
23.954
21.79
18.644
20.983
6.328
21.985
22.374
22.023
21.897
18.212
21
23.242
20.416
20.946
11.022
21.953
20.232
21.456
20.932
22.738
14.519
19.53
11.936
22.697
10.339
15.644
13.083
11.407
15.516
13.801
21.586
18.959
25.241
21.56
15.262
13.256
11.843
12.139
21.18
13.706
8.5207
20.335
20.279
22.382
21.05
18.824
22.447
12.152
19.716
21.283
22.925
14.14
20.955
21.648
20.771
21.369
21.779
13.269
20.931
22.529
20.401
13.889
19.275
12.278
20.556
15.14
21.562
7.6485
17.005
12.463
18.064
20.125
21.849
26.367
13.344
23.605
22.791
17.799
12.298
8.9015
22.941
15.287
14.486
21.513
20.926
21.236
8.9468
23.76
20.422
23.962
13.404
14.531
19.114
18.818
7.4111
21.914
14.293
13.255
21.634
13.419
24.15
14.409
10.952
16.48
20.792
19.814
21.47
15.561
21.095
18.144
15.313
11.113
20.063
17.588
18.885
14.4
7.1425
11.107
5.941
24.919
21.504
22.002
17.3
17.827
21.567
11.523
4.6852
22.462
20.309
19.713
13.298
23.203
15.986
15.497
19.344
21.826
23.213
15.13
18.389
21.393
10.576
17.791
24.871
17.969
16.544
22.739
20.889
10.323
21.08
22.509
17.376
13.793
21.48
16.462
20.888
12.456
20.679
20.487
10.884
15.569
21.382
7.8738
19.728
23.452
20.496
21.136
24.707
21.394
21.484
18.957
22.761
17.685
22.4
17.823
22.561
13.796
23.549
21.761
22.476
10.734
22.561
14.785
20.755
20.608
14.352
21.962
20.241
20.215
20.465
14.653
21.691
22.519
18.469
20.876
21.1
11.702
22.269
22.449
20.588
14.524
21.254
21.93
20.093
19.124
14.575
12.974
6.3331
18.966
4.2257
10.662
24.866
16.222
12.592
13.299
11.419
18.107
12.206
11.353
17.34
22.443
5.6382
25.766
20.332
22.895
22.969
7.7375
22.432
20.733
10.975
20.66
20.448
15.119
16.725
21.417
11.676
24.296
22.848
20.019
12.622
24.455
11.435
12.566
12.823
7.089
21.093
20.042
18.24
22.618
20.381
20.492
21.684
17.321
19.81
11.153
10.854
18.004
20.345
19.624
26.394
18.748
16.193
23.779
18.598
13.243
21.524
15.574
18.146
21.318
10.333
22.118
21.973
18.36
15.238
10.677
8.1893
21.036
19.531
19.24
9.6561
21.998
19.872
12.613
21.021
17.836
20.73
18.946
18.879
20.942
12.223
20.321
21.463
9.9558
13.222
20.828
14.849
16.995
22.189
18.776
22.803
15.197
5.3392
20.444
19.814
25.848
8.0245
14.427
18.588
21.14
6.5424
12.281
23.164
14.44
20.822
22.337
23.481
18.521
10.862
13.526
24.815
24.21
19.882
18.031
24.808
7.13
11.396
6.7215
19.763
13.6
20.155
11.002
23.796
10.361
10.449
20.886
20.86
23.255
7.2349
17.886
19.786
16.991
19.237
19.855
19.521
20.346
19.933
12.757
12.974
22.51
18.395
19.841
18.756
21.382
20.84
14.015
22.22
17.496
20.672
20.917
21.686
17.373
18.399
18.314
20.518
9.9462
21.391
23.794
15.38
22.951
21.035
20.348
8.734
11.076
22.399
21.527
17.774
21.306
19.931
19.173
17.592
21.714
23.337
11.805
19.537
13.798
22.589
19.99
22.023
18.355
21.385
9.6391
9.5079
19.395
21.633
23.346
20.306
20.992
21.285
8.1922
14.844
9.8293
22.614
22.464
12.018
20.138
13.291
22.772
20.752
21.697
15.933
14.082
21.292
11.716
21.477
14.825
13.453
20.137
14.281
23.43
19.65
6.6637
9.106
18.462
16.647
23.765
17.203
21.243
13.109
15.402
14.99
22.687
14.457
24.161
11.364
17.234
11.476
21.253
21.231
20.775
22.275
21.193
20.92
23.877
19.698
13.373
20.685
22.563
11.451
23.15
22.003
19.653
21.595
20.522
17.635
17.035
18.29
23.318
19.086
23.027
4.8809
19.281
19.856
9.2895
20.308
23.825
20.775
19.438
22.256
17.895
20.36
23.901
23.305
12.577
22.605
18.787
22.963
15.269
13.571
23.211
8.5512
18.429
14.138
22.795
19.126
19.07
20.076
18.904
21.054
11.772
18.947
10.797
19.687
22.498
23.062
22.081
11.707
21.177
22.826
20.102
23.885
23.833
13.51
12.374
11.799
12.359
21.248
8.9713
21.687
18.987
14.137
20.156
5.7437
7.7189
24.094
7.7411
7.329
17.831
21.167
22.37
8.8088
23.895
19.622
10.366
24.884
3.3821
23.527
20.617
19.925
15.502
21.566
13.117
14.126
21.843
16.366
23.613
18.194
19.503
13.695
4.7442
21.903
13.412
21.491
16.728
17.67
8.8191
8.6404
20.69
14.069
24.677
21.598
21.416
21.798
22.105
9.7497
23.531
20.502
13.759
6.5329
23.897
24.188
14.292
19.758
19.786
20.738
13.312
12.499
16.064
22.225
20.8
21.215
19.401
13.991
20.719
18.07
10.73
11.629
17.426
20.501
21.95
21.569
17.465
13.705
19.487
10.281
23.993
22.984
9.2445
20.114
19.851
21.496
14.785
12.517
23.542
20.798
19.237
13.773
19.204
13.43
20.472
22.014
24.063
19.897
17.904
13.887
17.292
17.269
18.626
16.962
21.433
18.095
19.653
15.259
20.522
22.485
14.336
-0.72612
22.221
19.581
8.5603
15.865
23.199
21.932
20.594
21.599
24.669
18.447
12.501
20.643
19.513
16.445
16.104
24.539
23.904
15.416
11.139
15.758
23.25
18.822
18.63
6.4747
23.013
13.082
10.674
20.209
21.911
22.141
16.4
18.673
17.007
21.823
22.628
18.66
24.811
20.7
13.474
21.838
22.995
20.744
10.269
10.797
23.211
14.82
23.436
14.756
24.593
22.57
20.377
17.646
14.168
11.691
16.928
20.717
11.918
13.751
22.215
24.498
19.795
19.435
23.638
9.6712
9.9908
7.8072
19.421
21.805
21.647
23
23.125
23.343
16.915
16.564
12.498
21.976
3.2743
19.903
11.03
19.19
17.616
5.3344
7.8843
21.998
8.85
23.887
8.6472
20.253
16.732
24.083
10.84
21.818
18.284
19.007
13.919
20.607
20.515
21.205
21.23
8.5622
23.763
21.976
21.03
11.208
19.884
13.463
19.12
23.984
22.708
24.472
21.238
16.164
18.825
23.884
19.108
20.799
19.118
22.552
20.611
9.8727
12.699
20.272
21.084
19.711
21.455
22.261
16.779
15.156
10.341
17.311
24.848
15.685
15.61
21.706
20.836
13.034
23.444
22.907
13.69
22.535
21.851
13.411
14.786
12.927
11.684
15.492
11.048
13.982
14.223
21.637
21.139
13.86
11.977
17.805
20.721
22.553
17.377
18.654
14.036
18.298
13.728
23.061
18.621
22.98
15.728
10.02
11.354
15.797
10.614
21.037
21.819
20.603
13.872
9.7318
18.92
20.211
0.4231
22.065
21.113
20.226
14.188
21.941
10.093
23.93
20.855
20.307
21.073
9.3041
16.32
21.364
15.517
22.293
9.1782
14.186
20.324
17.084
22.561
21.656
22.019
16.217
25.569
23.278
8.1052
22.405
21.518
13.175
22.442
12.427
15.957
20.638
4.9463
21.413
22.545
19.895
22.217
20.652
19.402
21.021
23.564
20.016
14.755
21.381
20.259
15.568
17.898
17.195
21.406
16.814
21.188
10.742
22.736
19.174
21.361
11.686
20.636
20.93
23.744
11.09
21.243
3.5966
16.084
15.949
10.384
15.124
15.045
19.343
20.59
21.141
12.712
22.432
18.978
20.841
12.928
7.6306
14.994
15.566
21.924
9.3706
22.135
10.296
18.429
18.829
7.122
22.993
21.185
19.688
15.113
12.767
21.056
21.632
12.402
24.411
10.136
21.58
22.482
22.704
24.526
6.325
20.81
20.48
23.616
11.337
22.31
22.523
21.853
19.941
15.58
16.08
23.238
18.26
9.0534
19.451
15.394
12.256
24.789
8.9317
22.747
20.145
20.073
18.554
22.257
12.089
13.84
12.313
21.55
20.797
20.902
22.522
20.792
23.796
20.068
5.6807
13.804
13.806
20.226
12.631
18.527
22.858
21.357
23.563
21.457
12.977
15.084
13.937
18.288
20.633
10.107
22.836
18.624
18.905
17.421
6.919
16.091
22.323
18.314
17.867
21.079
20.569
25.72
16.457
7.0968
24.91
17.329
18.997
20.044
14.299
19.986
10.023
9.7932
12.001
19.528
14.079
16.9
20.962
9.1017
23.297
16.026
23.595
19.553
25.106
21.308
18.708
21.473
19.656
22.265
14.394
19.636
22.493
20.702
9.3282
23.103
8.3994
8.8572
21.001
18.597
20.687
7.8464
22.291
18.84
12.685
21.668
13.917
19.375
15.04
12.483
17.576
23.153
14.494
21.359
20.841
17.662
22.637
21.29
22.131
6.3491
22.693
22.247
19.784
22.35
17.422
16.611
20.893
21.612
6.9045
20.783
18.347
20.603
6.8402
11.744
13.234
22.754
5.814
14.698
9.8418
20.595
22.735
22.807
13.199
20.112
19.108
21.003
20.59
19.429
22.644
22.939
18.498
16.019
21.111
11.1
12.932
14.889
13.466
21.728
19.737
21.455
18.245
13.532
11.845
25.906
19.001
16.546
9.2184
14.598
22.875
23.317
25.023
8.8691
20.979
21.168
21.344
21.97
17.107
17.498
14.251
23.239
22.913
21.06
19.882
24.633
20.469
22.727
22.795
16.143
21.906
14.532
16.264
8.4537
22.492
10.058
19.349
7.7206
17.427
22.323
18.479
7.4483
8.797
15.345
21.97
21.221
24.982
14.448
21.474
20.605
19.476
10.837
20.772
6.8485
10.871
18.931
21.55
21.001
21.292
19.717
23.011
13.749
23.338
14.42
20.672
20.63
13.768
20.07
8.4004
20.194
22.846
23.363
21.082
16.357
22.761
21.082
15.607
10.335
10.961
14.111
12.799
22.14
18.269
21.459
14.819
21.775
19.051
6.7266
24.007
13.008
8.0024
25.267
10.841
16.034
11.69
22.048
5.008
19.751
19.444
16.884
23.799
21.302
11.163
10.857
18.429
21.919
9.1331
20.857
22.415
20.967
19.326
8.789
21.564
20.209
20.95
10.463
20.62
23.772
17.411
22.093
20.288
5.6739
23.475
21.981
20.033
20.108
22.295
15.056
24.684
13.754
15.734
13.168
15.818
13.249
19.018
22.631
21.914
15.819
18.563
20.4
10.686
18.354
23.069
11.64
20.62
22.007
10.918
13.722
15.504
7.1009
10.777
21.561
23.07
19.677
20.997
20.656
12.574
20.997
21.608
4.6509
20.354
8.3476
12.124
9.8365
23.154
20.363
13.831
21.269
24.17
12.018
23.795
17.49
7.8988
15.392
19.428
14.7
21.454
6.8204
14.757
25.978
12.699
20.261
15.819
13.546
20.423
7.0014
20.175
20.04
21.779
21.468
18.98
19.52
8.9675
12.284
14.881
22.237
20.032
21.749
18.641
8.997
20.549
10.123
21.354
10.431
19.681
18.038
20.402
21.758
22.164
20.132
18.384
20.4
25.265
20.103
21.781
22.411
20.533
11.8
16.458
11.926
19.011
17.672
20.621
21.827
8.3303
13.103
19.938
19.092
22.41
12.414
19.957
20.335
13.493
22.824
15.193
11.794
20.646
21.208
18.794
21.159
19.613
17.749
17.028
19.067
20.772
17.286
21.238
24.335
11.959
11.447
22.171
14.894
10.636
21.798
22.068
12.996
8.7503
14.875
16.926
16.058
11.726
21.815
14.022
17.905
13.801
13.121
24.004
11.634
21.639
20.753
13.776
9.209
18.974
11.143
20.404
12.714
11.487
21.085
23.652
22.099
18.765
16.457
12.401
18.975
21.635
21.879
17.449
22.149
21.017
22.083
12.587
17.838
12.251
18.564
22.65
9.8582
20.85
18.755
21.348
7.5078
21.634
20.906
24.133
21.713
22.29
22.518
26.215
12.979
22.953
22.177
11.22
23.181
11.036
21.632
14.193
8.5356
19.307
15.403
17.801
21.514
22.054
19.749
21.023
20.903
21.342
19.512
16.691
22.446
22.756
23.049
24.502
19.563
20.488
14.497
13.762
21.652
20.945
23.967
9.8825
14.413
11.558
17.38
10.303
23.632
17.244
25.992
13.256
19.18
10.719
16.44
20.785
21.868
5.507
12.037
10.134
18.425
22.339
18.275
20.093
12.559
12.353
14.554
21.087
20.266
18.948
23.778
24.31
22.057
20.85
10.032
27.124
11.186
15.908
16.255
15.587
22.252
23.574
19.332
12.009
23.769
21.592
12.402
22.243
21.568
21.091
21.659
21.741
16.759
13.478
21.559
20.776
7.8095
21.88
9.102
6.8454
22.615
20.038
23.66
18.04
12.152
8.1919
21.019
18.005
16.016
12.49
20.306
22.537
21.061
20.377
11.286
9.6465
20.663
11.316
20.087
6.0072
17.497
21.032
18.189
3.3579
19.316
19.619
22.279
21.971
21.677
12.275
15.704
23.789
11.18
21.073
24.381
19.189
18.265
22.725
22.068
8.2528
11.782
20.601
21.527
22.93
16.911
18.489
15.994
6.4848
13.16
16.511
21.417
14.546
22.602
22.161
20.005
16.752
11.727
8.3904
15.009
21.015
20.035
10.398
20.5
16.122
26.367
21.487
21.61
18.632
21.579
18.987
8.952
22.122
18.619
5.8302
13.241
21.693
21.438
9.7096
13.403
21.722
12.126
7.8388
23.37
9.5456
4.9346
22.433
20.715
21.419
21.112
21.697
13.189
10.857
13.457
19.527
12.714
13.86
17.551
22.265
14.045
23.134
14.694
22.083
21.489
13.954
22.238
22.826
23.165
22.255
19.573
14.476
24.318
19.974
21.098
21.199
20.256
16.063
21.216
22.221
21.692
20.194
8.7009
4.9903
21.285
21.827
20.422
10.118
24.171
19.58
24.949
19.596
22.926
18.947
20.281
19.776
24.25
20.683
12.69
13.323
19.508
20.469
20.228
19.142
20.886
23.82
15.824
21.414
8.6909
20.602
21.301
17.853
14.908
24.052
18.824
21.925
10.388
15.503
25.252
21.456
19.526
20.548
20.349
21.433
22.322
17.803
21.953
21.275
11.794
16.823
8.3228
12.372
25.24
21.09
23.56
11.865
18.299
21.275
23.28
17.888
21.165
16.734
15.356
21.289
22.781
19.227
22.199
19.243
16.754
20.168
19.899
21.35
23.363
21.334
20.772
10.253
18.766
14.962
20.659
22.355
20.872
21.78
14.574
19.282
21.96
22.807
24.42
22.738
14.872
19.37
10.799
22.048
20.201
13.182
8.4692
19.897
22.039
16.689
20.602
20.867
6.7928
18.842
21.784
23.818
20.351
22.255
15.06
20.065
19.729
14.764
5.762
21.957
20.454
25.335
22.097
23.395
16.544
24.419
21.614
17.11
22.543
16.114
8.0874
18.822
20.58
23.976
23.048
9.2027
5.9511
20.374
20.784
20.733
10.676
20.117
11.449
17.71
17.106
22.563
15.256
11.712
17.353
21.052
6.1268
19.162
14.386
10.227
20.151
12.001
21.419
24.618
21.355
15.679
22.664
22.541
24.869
15.997
15.674
21.385
10.879
22.033
21.968
14.984
14.258
14.585
8.0841
21.955
20.735
21.651
18.548
21.404
22.918
7.6899
12.306
16.402
20.17
20.025
22.548
18.418
20.846
22.362
23.895
24.299
9.2058
22.19
18.417
8.2233
17.581
16.205
20.348
17.246
23.085
9.2873
17.719
18.277
22.862
10.823
23.165
19.141
16.379
15.304
21.927
21.162
19.706
14.929
21.585
22.966
21.335
20.001
13.145
12.622
11.529
22.844
22.901
24.112
20.895
12.917
18.976
22.792
17.752
16.163
18.347
21.545
21.087
20.03
14.328
13.691
21.062
5.8915
21.638
21.42
13.345
15.407
22.324
20.266
13.437
21.4
18.713
15.477
20.65
21.795
22.628
22.194
10.654
20.26
21.486
6.5521
11.134
8.4003
8.3093
19.202
20.233
22.167
22.451
20.8
22.639
22.363
19.694
22.361
1.6884
13.757
13.868
22.307
9.2759
19.339
8.6722
21.536
20.486
13.163
23.181
20.079
16.344
19.829
13.686
17.801
15.798
12.946
11.563
13.177
11.617
21.355
21.705
25.699
20.324
11.55
20.661
21.083
13.933
15.276
19.758
11.435
20.033
23.417
21.299
18.403
17.969
14.306
12.959
14.243
21.138
18.188
18.563
20.423
17.52
19.687
12.034
8.8581
23.096
21.373
18.132
19.184
20.403
19.47
8.5752
18.252
20.819
22.02
23.58
17.317
12.849
20.742
16.828
18.287
17.452
21.105
19.075
15.811
25.708
22.403
19.512
11.508
12.145
7.7858
9.9213
21.003
14.731
10.365
19.557
18.906
20.953
20.842
13.292
15.125
14.408
15.576
15.848
10.52
16.372
20.492
25.663
17.927
20.515
13.319
23.679
21.056
4.3172
23.671
22.129
21.533
9.6071
10.902
20.948
22.411
13.052
17.981
12.128
21.408
12.636
21.767
22.296
24.726
15.692
19.832
22.713
20.212
17.478
22.191
22.843
15.386
6.1078
12.905
22.968
12.94
24.94
16.332
21.896
8.329
23.059
19.996
15.735
23.44
21.74
19.917
20.368
20.643
18.876
15.01
20.137
16.137
20.809
6.5424
21.642
25.337
23.615
12.88
21.807
12.464
21.575
10.906
23.09
13.187
12.808
22.847
22.018
24.898
21.443
21.095
13.118
24.88
20.58
22.49
22.674
22.212
22.824
23.51
17.065
14.874
5.2656
17.363
18.757
18.417
12.24
10.864
21.79
21.468
14.308
19.879
21.137
13.246
24.967
9.1328
21.984
17.614
10.142
22.745
18.772
20.736
21.145
19.681
21.549
17.357
17.722
21.499
19.439
20.868
21.322
14.11
22.825
10.22
21.145
20.696
11.77
15.161
22.549
17.904
21.678
21.706
11.627
18.843
22.372
11.069
19.523
14.016
10.564
17.477
24.021
10.942
18.353
17.813
22.394
15.608
21.812
10.83
20.654
9.6899
18.979
22.003
20.661
16.625
13.202
20.697
17.541
6.8583
11.856
18.298
23.821
22.103
14.922
21.056
18.656
6.3322
21.115
17.657
16.008
10.087
17.531
23.105
12.851
21.622
16.999
24.105
24.096
15.087
12.93
23.176
22.959
22.905
21.547
20.559
22.555
22.572
17.446
20.543
20.505
20.187
19.438
21.587
20.671
13.958
15.599
10.38
21.021
22.833
20.114
20.063
22.266
17.944
15.088
22.549
22.619
13.893
19.937
9.3748
24.313
18.685
10.105
19.608
22.269
15.832
21.764
21.926
19.534
22.296
21.678
16.768
24.634
21.018
14.847
9.0463
21.419
21.349
7.7981
10.837
21.771
21.386
22.559
12.628
17.298
21.78
21.176
5.5182
19.766
14.443
17.55
14.267
17.304
21.405
14.845
22.281
21.347
6.6376
21.321
18.871
21.007
20.453
17.083
19.193
22.248
14.806
21.501
20.244
21.442
23.451
13.173
22.905
13.756
11.851
20.712
6.4933
10.216
12.968
19.501
11.482
21.274
13.206
22.01
13.354
12.683
19.418
20.34
24.092
18.606
24.542
14.784
21.688
21.097
14.584
22.215
24.186
18.341
14.562
11.365
20.941
15.141
18.619
14.024
19.565
14.484
19.151
20.758
20.565
19.676
10.447
13.367
16.786
5.5756
22.739
22.541
19.134
16.747
4.0045
21.11
22.404
20.255
22.745
22.607
22.475
19.918
18.817
9.7811
22.63
19.297
24.83
25.014
21.548
21.736
20.571
23.077
15.881
21.098
12.449
21.709
19.902
13.893
22.306
14.599
13.634
21.85
17.628
25.775
24.594
9.9982
18.262
14.101
16.107
7.399
20.8
18.183
21.157
19.403
24.125
20.087
20.505
12.294
17.124
18.736
18.866
11.238
21.418
22.863
9.2186
19.325
15.636
21.868
18.89
12.764
20.457
14.199
22.69
20.694
23.444
15.877
11.754
7.7918
18.858
13.288
13.624
17.197
22.865
21.406
19.215
11.101
20.415
19.006
18.457
21.414
24.68
22.748
19.199
22.283
23.428
22.073
19.389
13.973
12.433
22.271
13.409
20.738
20.817
18.129
17.741
17.192
19.041
19.821
22.236
20.349
15.041
21.078
23.644
18.373
21.163
20.341
13.6
22.748
22.519
20.31
9.0258
12.163
17.129
4.0105
10.434
11.873
12.328
11.038
20.004
22.16
20.013
14.321
23.771
20.065
23.007
21.148
21.49
22.906
21.863
23.428
14.525
6.8539
21.849
22.369
12.818
17.029
21.043
14.243
18.961
13.798
22.671
22.123
15.34
17.405
10.078
22.592
11.459
18.812
10.341
20.682
7.9523
23.837
21.077
22.149
20.866
8.8025
19.306
6.9857
15.456
12.736
11.707
20.071
11.649
20.33
18.124
20.077
18.03
21.602
13.535
20.532
20.603
19.834
20.205
11.791
12.434
20.714
21.624
22.718
24.062
19.684
23.467
22.274
21.697
23.605
24.582
22.487
11.33
21.702
14.345
23.896
24.658
19.22
20.179
18.934
23.921
21.903
18.079
21.649
22.582
13.005
16.018
17.673
13.161
21.993
11.936
12.133
24.008
18.541
18.426
21.85
20.493
19.893
23.519
12.619
25.929
7.5902
20.435
22.204
19.962
19.906
15.525
22.4
14.949
15.569
23.174
22.301
22.548
20.989
11.281
20.149
13.68
21.708
12.092
22.088
18.572
18.072
17.706
15.348
21.922
20.188
19.815
19.35
5.8654
15.148
19.928
24.461
12.708
20.862
13.494
19.748
10.89
9.1206
21.976
16.362
21.421
23.234
23.89
21.317
22.329
20.851
21.752
21.456
24.395
10.585
12.853
9.6448
20.302
20.239
9.2259
24.222
17.901
6.8123
18.717
11.147
17.521
22.38
16.287
13.519
8.6768
21.342
21.838
22.75
21.07
12.07
23.052
21.961
22.346
14.361
21.694
18.147
21.375
22.548
20.237
18.859
21.595
10.141
17.302
20.706
13.993
20.47
15.532
23.767
9.9779
14.277
12.679
11.863
10.212
18.411
22.258
10.669
22.908
20.539
21.559
21.839
21.02
20.893
8.4147
18.097
20.248
12.42
10.53
19.223
7.0151
15.185
20.563
16.73
11.291
21.18
22.575
15.689
22.321
20.023
3.0245
20.415
20.845
20.066
18.037
25.247
21.13
21.134
11.733
24.595
20.638
22.043
17.48
21.383
16.199
12.495
4.5592
13.752
24.191
13.471
23.079
8.4087
18.655
11.062
17.451
16.529
8.4141
14.54
9.1738
23.685
22.151
19.731
23.632
13.037
10.377
18.503
20.858
20.937
16.557
14.603
19.413
21.924
20.49
20.873
19.282
16.868
11.083
15.895
19.436
14.232
15.643
19.745
21.348
20.088
19.679
24.057
21.437
24.305
12.135
17.666
13.962
16.381
11.631
20.05
21.922
10.47
22.852
22.497
19.15
9.7309
21.619
13.017
12.748
14.969
12.82
21.593
23.125
16.682
10.244
14.027
15.537
22.819
19.817
20.027
9.0408
16.846
19.264
20.936
12.282
19.673
19.712
15.298
12.019
21.783
22.537
17.733
8.4831
22.736
21.301
11.483
8.9407
13.673
6.248
13.308
24
21.496
11.826
18.617
10.163
19.337
18.328
17.035
19.023
22.735
21.901
19.095
20.943
9.4934
12.92
21.037
21.814
22.463
21.226
22.935
20.223
20.445
16.435
11.064
12.254
20.881
23.725
20.312
11.395
20.906
16.838
11.989
24.362
22.949
15.007
17.69
22.279
16.251
22.265
15.985
22.025
21.629
17.403
21.045
20.915
23.162
17.387
19.682
24.163
24.277
20.392
24.803
13.319
12.555
22.032
24.419
5.4851
20.518
21.248
8.651
22.536
16.083
12.074
22.183
23.764
14.14
21.083
18.094
12.743
22.078
20.747
13.688
23.523
18.342
20.189
17.479
20.328
22.391
18.241
19.984
22.612
24.849
22.589
19.615
17.324
14.073
19.33
10.301
23.053
18.588
2.4078
21.223
21.814
22.058
19.651
24.853
21.986
23.521
19.381
21.945
21.906
6.6026
22.719
23.013
12.712
22.545
10.537
22.216
21.739
10.141
22.589
20.555
16.348
21.312
23.024
22.247
23.183
13.122
20.617
17.829
12.845
11.727
22.317
22.382
9.575
22.352
14.11
22.08
20.839
8.1368
23.882
22.65
20.564
17.608
22.404
17.576
8.4961
11.959
20.867
19.468
12.729
22.783
24.351
8.0116
18.709
12.458
9.8685
6.8412
22.079
18.414
22.152
19.402
18.313
20.59
22.802
21.171
18.941
22.08
21.997
3.858
20.188
23.538
8.8606
20.323
9.9947
11.103
21.051
24.155
15.455
21.629
22.251
22.711
21.96
13.927
12.617
12.338
16.507
18.504
17.234
22.823
14.872
19.729
17.134
10.247
17.272
14.851
22.483
22.909
20.561
20.385
22.487
24.588
21.76
12.095
6.2417
18.908
21.463
7.6808
21.098
18.707
6.6649
20.379
10.667
20.467
12.039
18.102
17.172
22.683
20.225
21.107
23.895
13.551
21.238
21.407
17.343
20.378
20.661
18.942
19.046
23.227
21.232
8.501
15.016
22.133
21.567
13.615
21.32
21.593
21.14
18.118
20.899
25.943
12.193
21
15.42
18.848
21.554
19.754
22.312
19.656
24.335
12.919
10.139
11.643
22.235
20.762
21.719
13.369
22.404
20.174
22.404
20.693
13.335
22.886
14.146
12.812
13.6
20.223
19.594
13.593
18.986
16.706
20.829
19.266
20.482
25.485
8.2038
3.745
19.232
16.46
18.249
17.322
21.813
16.714
20.95
22.179
11.757
25.426
16.177
23.014
19.638
9.5637
17.905
12.722
19.281
23.897
9.745
6.725
13.318
24.446
13.389
22.307
21.08
16.671
6.6129
20.826
19.682
21.986
6.8059
10.555
9.08
6.5833
23.717
22.596
14.232
22.17
10.592
19.764
14.857
14.812
12.545
10.4
20.961
21.689
14.759
13.457
23.019
15.958
21.021
20.43
23.543
17.953
21.448
13.598
21.744
26.48
20.371
23.407
20.105
18.472
20.47
20.885
6.0454
21.953
22.585
21.085
15.148
11.422
16.022
21.307
18.459
13.931
21.457
20.492
11.127
18.021
19.672
22.029
22.056
19.318
22.353
21.286
20.972
17.513
14.038
22.743
21.92
20.612
21.092
22.731
23.404
14.674
19.507
13.697
16.817
15.399
21.275
20.817
8.69
11.504
21.412
22.048
7.4232
23.229
8.7213
17.382
13.414
21.585
17.978
6.5961
15.723
22.557
19.711
24.685
17.382
20.844
15.828
19.215
10.336
22.043
21.019
17.669
20.484
22.744
12.022
23.868
23.488
19.543
24.176
21.291
10.712
22.621
18.204
23.32
15.796
22.099
19.897
24.044
22.71
23.142
16.67
20.033
21.733
10.437
19.047
17.699
14.627
21.329
27.156
22.348
17.672
20.453
22.858
19.067
23.144
22.79
19.004
22.435
20.325
21.054
17.284
15.318
14.33
11.929
18.751
11.46
20.956
8.5917
23.459
14.987
15.997
21.447
25.424
4.3094
22.038
23.316
14.523
22.544
20.903
12.013
11.148
19.808
20.85
21.643
11.341
19.22
21.221
14.035
16.945
22.311
16.817
19.718
13.85
9.439
21.362
20.105
17.453
24.483
20.013
20.13
14.806
20.151
18.518
11.919
22.061
24.472
10.635
22.392
12.283
23.952
20.981
19.702
15.264
19.495
15.789
20.946
13.894
25.342
21.052
9.4102
11.059
20.318
16.101
21.366
22.813
22.911
15.027
21.87
12.236
10.231
21.41
14.538
24.014
16.046
15.445
20.255
15.17
22.474
20.57
19.834
17.474
15.928
21.579
14.452
13.766
20.18
21.775
12.749
19.614
17.904
15.053
21.423
13.66
4.6447
21.252
13.143
5.5652
20.122
22.846
19.099
20.557
21.691
20.643
14.033
9.0303
6.6898
10.75
20.053
21.043
10.086
23.456
20.866
21.269
9.0615
11.334
21.655
19.803
20.117
23.87
9.2197
22.284
19.106
17.061
17.493
20.183
8.1617
11.553
14.785
22.76
22.499
6.1785
8.0108
9.0905
17.464
20.431
16.649
22.263
19.177
8.3634
9.4347
12.195
19.865
22.359
23.519
23.308
22.17
19.334
19.545
12.848
10.117
21.781
6.3353
12.104
17.334
22.21
20.576
19.421
10.022
20.086
21.41
15.411
24.07
9.7052
24.673
17.708
13.379
18.498
17.129
12.465
22.761
20.115
14.577
17.339
13.433
9.9386
19.335
21.891
10.169
18.078
14.456
8.6983
23.446
17.275
22.938
18.353
19.658
7.4211
20.898
16.987
19.061
21.883
9.4768
9.1121
16.482
23.142
19.081
8.8446
14.602
14.404
20.505
12.892
21.101
18.057
21.132
22.009
20.56
16.723
16.644
21.224
21.467
22.617
9.5279
18.942
24.973
18.864
17.068
14.959
17.779
15.119
10.433
20.328
19.791
21.968
21.399
12.186
20.54
11.954
19.764
13.902
21.378
14.797
10.479
18.575
7.3178
16.3
18.584
10.16
21.407
21.383
20.859
20.649
15.317
24.324
16.539
21.549
24.45
17.206
17.82
16.176
23.959
10.279
20.933
20.32
24.141
20.2
13.734
14.518
18.965
19.461
19.011
20.214
22.593
21.093
6.6634
20.512
21.873
13.861
19.404
22.194
13.15
12.963
22.664
21.91
15.731
20.387
22.454
24.997
20.635
26.12
20.428
19.915
20.771
16.144
21.876
10.172
19.859
22.433
21.039
19.658
24.971
19.573
14.863
11.043
23.049
8.2364
10.214
16.756
11.656
9.7021
22.421
18.536
20.724
13.54
12.088
21.554
18.64
22.71
12.37
23.846
18.297
21.144
20.768
24.594
24.055
8.125
23.176
6.3742
15.358
15.696
18.472
20.228
24.382
20.413
19.288
14.944
20.771
22.408
21.459
19.543
19.565
10.611
20.306
19.744
20.13
15.11
21.118
21.046
11.919
20.548
22.96
22.128
21.289
23.074
11.249
19.018
11.161
16.163
18.971
22.036
20.25
17.922
14.364
12.693
19.874
13.624
10.701
19.309
18.577
21.384
20.989
19.376
17.858
20.595
19.81
21.895
18.751
21.431
19.958
9.2682
21.54
8.6148
15.408
15.405
21.729
16.196
19.22
24.127
18.533
12.71
21.118
22.613
12.222
13.282
11.413
24.404
11.638
15.807
18.553
21.598
20.63
17.114
14.58
15.601
19.517
19.731
20.814
19.13
22.496
13.351
22.033
13.878
22.01
10.726
21.128
14.856
20.855
18.408
21.388
11.885
21.361
20.661
24.728
13.066
18.124
22.329
22.412
19.809
21.146
19.585
13.785
18.454
20.111
21.924
18.872
15.965
21.034
21.591
23.381
21.302
25.056
21.354
13.296
20.338
7.7112
23.631
11.905
13.003
12.693
8.9387
21.317
9.5715
11.983
7.3356
20.463
22.134
26.1
19.889
20.985
18.528
20.456
21.904
20.97
22.078
19.567
22.025
13.475
13.243
18.518
13.693
10.646
14.034
13.003
13.374
5.291
20.547
23.359
21.647
7.4698
16.421
10.054
20.183
21.447
16.916
13.578
8.1204
23.559
12.623
22.485
24.417
18.172
10.843
17.813
21.562
16.695
22.646
12.326
13.61
20.706
20.574
21.291
12.703
16.801
21.3
23.584
6.5258
24.645
11.472
8.2399
22.209
26.488
11.33
21.557
12.401
21.802
18.497
15.081
21.067
24.599
17.82
23.011
19.243
16.148
22.535
14.297
22.143
17.101
17.324
10.726
20.377
7.0387
16.47
21.204
24.121
8.8515
5.2568
18.505
20.96
21.272
19.979
13.889
21.12
20.511
19.163
19.392
7.2362
20.124
10.251
15.922
20.929
20.752
16.238
21.027
22.321
12.147
24.917
21.334
22.889
23.517
13.152
24.962
23.953
17.119
22.1
20.801
21.065
14.07
22.831
15.956
4.3728
7.484
15.499
21.652
24.491
21.942
18.925
7.6068
21.147
20.731
17.799
9.1027
15.128
19.522
11.599
17.043
13.048
21.922
9.0667
22.855
24.78
19.812
22.834
9.8147
20.367
19.117
17.635
7.882
20.913
17.709
18.014
20.59
15.561
12.391
12.262
8.004
20.663
20.008
22.014
23.392
15.726
20.424
20.357
17.936
16.274
18.352
7.9285
23.83
8.5585
18.991
22.62
12.292
23.368
25.873
22.258
22.038
23.61
18.998
25.181
19.374
22.963
15.25
22.858
9.2496
19.645
10.007
20.718
10.289
20.652
10.963
17.299
18.468
19.228
20.085
21.603
20.457
10.9
10.648
25.517
23.465
25.289
20.074
10.237
17.691
10.074
23.941
20.085
20.834
23.738
22.797
19.117
25.119
20.307
15.696
20.941
21.703
7.7539
21.86
20.791
17.875
24.821
20.324
18.981
20.637
23.436
20.334
19.556
22.211
20.583
15.342
22.608
19.999
18.463
10.783
22.05
23.549
20.023
20.171
21.13
18.634
19.523
13.556
22.38
21.035
20.774
22.334
16.519
21.202
22.905
22.168
16.596
20.892
21.066
20.586
20.023
20.423
13.579
21.562
14.808
14.865
22.145
14.754
23.453
20.851
21.003
17.98
20.819
10.53
21.199
12.216
21.622
6.1095
8.5488
18.792
21.565
20.725
12.915
18.925
7.5808
19.576
15.895
12.729
13.425
16.556
21.063
22.995
12.166
21.595
22.319
11.517
21.039
16.772
24.801
20.843
23.841
24.935
22.329
17.267
23.613
23.959
20.446
19.116
20.438
20.59
24.61
19.11
21.99
21.957
22.968
8.6106
21.269
16.122
18.249
15.056
19.896
19.603
15.307
8.0395
22.551
13.696
14.586
18.823
9.5851
19.28
19.517
21.226
19.429
24.607
21.065
19.434
12.554
13.069
20.285
23.332
19.244
5.9
17.323
21.211
20.395
20.624
20.043
20.411
10.896
22.101
20.054
21.097
19.494
23.441
19.938
18.597
20.386
12.902
16.239
15.133
23.019
20.761
15.948
14.088
19.712
20.146
22.144
23.436
21.55
19.404
19.648
21.405
12.544
11.497
20.587
23.265
23.199
21.025
10.5
20.607
17.478
21.628
14.148
14.799
22.095
13.25
24.597
15.464
19.626
23.614
12.158
21.761
22.402
19.439
24.5
19.713
20.774
14.093
3.9671
22.001
22.184
18.672
19.219
23.94
15.489
20.118
3.5421
20.148
23.286
24.913
10.759
18.198
14.667
13.502
16.248
22.504
21.741
15.256
24.152
16.051
15.521
17.041
21.281
22.019
15.122
17.224
20.547
10.421
21.025
12.681
22.793
20.149
18.622
19.353
10.878
15.152
16.075
13.376
23.304
14.991
13.046
14.807
9.123
19.991
14.399
23.246
21.47
19.834
22.207
21.996
21.571
23.863
16.362
23.336
21.889
21.6
14.434
20.388
21.765
21.048
22.182
18.416
20.945
11.367
17.404
21.19
13.318
24.058
22.416
14.882
19.148
11.509
23.23
24.505
12.965
19.371
8.6893
22.171
23.483
22.247
13.718
12.108
20.263
18.583
13.388
13.027
15.909
6.4044
20.094
21.613
12.846
21.136
14.387
21.766
19.374
19.121
19.249
22.698
23.641
13.539
12.859
22.317
22.345
23.122
20.58
20.721
19.749
19.768
18.411
19.39
22.409
14.104
15.92
19.375
12.271
19.925
21.046
18.759
14.729
18.068
20.936
16.155
22.982
17.309
17.923
21.149
15.149
18.819
21.072
15.484
9.3711
22
10.334
20.407
18.97
24.871
13.659
19.99
10.797
8.1125
22.617
12.978
11.669
12.801
24.484
21.497
21.031
18.023
14.099
19.648
18.533
22.231
18.743
22.666
10.498
20.638
22.805
21.731
21.156
20.249
19.388
10.146
14.111
14.594
7.151
11.041
20.195
21.369
17.302
23.169
10.683
20.046
22.183
19.454
21.033
9.9102
20.084
12.311
7.8313
21.413
22.612
24.373
22.415
19.771
22.793
20.687
12.961
15.879
20.837
21.65
15.645
21.002
19.185
11.932
17.964
21.892
14.635
21.965
25.081
18.544
20.313
20.968
15.282
10.588
21.739
13.899
16.505
11.767
22.218
17.282
19.404
22.355
18.073
21.404
19.652
18.684
20.104
13.149
6.7169
20.478
13.242
20.382
18.365
11.231
22.777
20.821
20.148
18.413
12.678
20.973
11.155
16.462
6.7152
19.937
14.059
11.96
14.273
18.921
23.312
22.388
22.672
19.814
20.96
29.899
13.586
23.176
8.9683
10.757
16.427
19.599
20.015
12.326
8.7266
15.872
17.838
20.25
11.774
21.472
14.602
19.32
15.963
18.88
8.7824
15.832
18.534
21.496
12.166
16.771
16.179
18.334
21.084
21.574
15.13
24.385
19.076
12.509
14.987
20.528
22.075
21.796
14.36
17.022
20.784
18.648
5.8226
11.411
18.922
17.563
20.062
17.697
17.821
7.7871
9.1186
10.637
21.919
13.647
18.771
7.3137
14.36
23.57
17.763
3.4874
7.2919
16.986
20.621
20.288
4.3373
21.785
25.167
7.9429
8.6507
12.884
21.67
20.287
23.279
16.823
20.154
19.685
20.146
21.708
19.96
16.154
24.184
17.789
18.848
11.75
18.948
21.265
20.172
16.69
18.119
10.114
25.393
22.683
11.228
22.247
20.697
13.766
15.625
21.211
18.44
22.057
9.4986
21.596
17.722
25.195
25.223
22.757
21.122
16.373
5.9659
20.876
13.436
12.702
16.516
22.071
19.701
22.946
20.935
3.6686
20.554
23.334
16.02
18.201
18.937
15.117
15.813
20.984
16.498
11.873
24.16
19.983
22.101
3.1304
21.791
12.059
24.117
8.9216
21.64
13.105
10.348
19.692
23.52
15.531
14.352
21.85
22.638
21.945
13.247
10.466
18.741
19.015
18.622
12.158
22.794
22.243
20.842
12.637
7.3612
22.979
22.719
22.02
22.398
23.583
19.637
24.558
19.096
10.429
24.916
20.542
9.672
22.39
18.824
25.121
23.213
21.829
21.616
21.69
21.298
14.622
21.198
20.297
20.041
16.06
19.066
19.26
14.792
9.9991
20.332
16.388
9.5837
16.768
20.157
14.912
10.35
19.708
18.116
22.166
8.0117
24.5
24.354
9.6322
21.458
11.173
21.867
21.773
22.052
22.764
16.627
22.141
20.592
19.225
20.318
23.115
16.705
19.871
23.6
21.069
11.663
12.916
21.111
23.776
18.884
18.031
11.304
9.8269
21.246
23.603
18.906
18.143
23.351
13.672
21.191
10.658
5.5913
18.949
12.168
6.6651
20.631
18.763
13.548
21.325
15.801
6.2164
21.58
9.4105
21.208
21.883
13.119
17.359
23.425
21.501
14.516
10.919
20.436
22.595
22.131
20.47
11.26
9.1628
22.215
21.181
12.831
20.819
21.835
10.578
18.87
22.352
19.813
19.529
10.404
23.12
12.169
19.116
12.007
5.9297
23.032
19.415
10.746
21.535
24.132
18.23
12.97
13.078
11.788
21.684
17.394
19.971
20.973
18.491
9.7127
22.588
24.539
23.539
15.83
21.872
13.119
6.3118
19.238
13.019
24.935
12.708
17.946
12.8
21.799
20.731
19.883
8.5206
17.09
20.726
23.429
24.545
6.7986
14.52
10.858
17.933
13.195
7.7891
23.913
21.682
18.644
9.7379
21.705
20.595
14.537
23.63
21.637
20.638
20.266
21.955
22.273
22.237
16.803
21.588
24.272
22.879
10.663
20.814
23.506
16.154
17.016
20.822
22.816
21.932
15.016
19.334
15.171
21.364
21.71
11.36
19.199
22.725
16.8
24.265
18.176
11.241
23.717
16.707
16.988
23.017
15.086
20.965
14.436
21.996
8.5924
19.325
25.523
21.12
14.202
11.195
22.705
22.749
6.7671
13.945
6.2748
7.7797
18.829
21.029
18.76
20.411
18.797
15.444
8.5143
23.39
4.0082
17.636
25.292
14.147
17.333
8.8198
21.154
9.9593
23.518
23.371
21.554
22.174
21.872
21.336
19.47
20.379
20.014
22.23
18.823
17.076
22.257
21.477
20.24
21.88
17.906
13.622
18.037
20.909
19.814
21.692
24.659
19.708
16.819
19.885
9.5746
21.02
22.548
22.429
24.691
21.297
22.074
22.334
19.611
10.48
20.921
9.3311
11.753
18.886
19.89
22.266
21.856
15.408
20.786
21.284
9.5062
18.552
22.711
13.27
19.421
9.3232
19.356
7.0757
22.088
21.095
22.385
18.377
18.823
7.729
12.229
18.99
13.313
20.62
18.291
22.227
17.523
22.206
25.468
23.35
23.013
21.245
7.0004
20.882
17.514
19.955
21.657
21.221
12.551
21.251
17.025
15.607
19.979
11.495
20.333
21.874
15.54
17.965
9.1184
21.575
13.607
15.522
27.186
11.994
19.598
20.303
24.128
19.431
19.062
24.369
16.031
16.674
10.391
10.462
21.938
9.4777
15.982
21.059
13.492
20.186
18.971
20.765
18.726
17.135
22.528
23.934
20.161
14.415
14.735
24.488
14.129
18.131
19.503
8.3983
21.734
24.879
22.729
23.918
22.623
16.986
21.265
21.217
10.155
9.2554
12.089
19.983
19.295
17.494
17.362
11.882
21.164
13.66
16.504
13.684
21.798
21.247
7.5295
23.421
20.18
21.018
22.781
24.023
13.625
20.331
23.153
8.4635
14.669
19.023
16.56
21.322
23.717
17.756
19.868
21.333
16.28
20.885
10.052
19.694
14.522
21.17
21.398
10.103
23.169
23.499
20.315
11.716
24.355
17.539
21.074
21.856
24.912
21.315
18.01
9.1306
21.763
5.8046
12.533
20.986
22.124
9.9105
22.18
13.745
14.965
21.801
6.3856
13.083
10.504
8.0912
10.327
21.49
18.786
17.232
12.472
19.498
19.376
13.596
20.264
16.836
14.367
22.064
21.994
16.855
14.525
16.106
10.246
21.995
20.647
24.739
15.567
13.581
17.708
11.129
21.729
2.5049
23.71
21.013
23.554
24.072
23.249
15.297
19.209
23.188
16.568
22.935
11.699
9.6827
12.889
20.388
15.023
20.899
8.6039
19.358
8.3054
19.743
22.528
24.655
20.012
23.117
19.047
20.968
9.1346
21.539
23.27
22.262
23.92
16.597
22.115
17.103
7.6018
13.161
8.511
21.088
19.657
20.86
23.436
24.132
20.928
11.105
23.278
20.286
23.883
22.744
24.715
13.606
16.028
10.466
13.459
22.711
20.109
14.19
19.885
21.747
8.7571
16.754
21.281
22.415
12.606
21.48
21.506
23.357
21.683
11.089
11.883
20.724
18.537
20.126
21.791
20.158
12.835
22.251
14.252
15.062
13.571
13.448
22.286
15.404
15.228
22.083
20.419
15.248
16.475
17.047
20.992
14.81
21.726
14.023
9.5337
23.011
19.528
20.48
22.448
20.899
11.072
11.981
21.939
22.369
10.613
16.946
22.141
22.069
16.182
16.525
19.987
25.789
15.921
20.452
17.043
22.9
5.1509
9.7279
15.691
21.468
18.964
13.344
22.596
20.631
18.956
23.252
7.9902
22.957
18.663
11.309
15.134
23.65
23.032
23.274
18.301
12.587
10.702
18.615
19.71
21.836
10.878
16.075
19.379
10.831
21.522
21.681
22.253
13.472
14.768
21.981
23.688
21.723
20.914
12.464
21.464
16.491
13.545
16.206
21.363
8.291
13.87
26.561
20.92
8.9436
17.513
21.582
16.554
24.991
19.89
20.807
10.42
17.652
21.751
19.878
12.624
15.771
21.696
7.7052
18.818
22.487
19.129
21.1
21.363
22
12.513
15.741
12.891
10.183
20.935
19.267
21.439
22.206
16.406
19.105
19.606
21.217
16.777
23.301
21.913
16.939
21.464
24.444
21.69
12.785
25.596
19.99
14.502
20.222
21.462
12.153
21.455
14.04
21.98
21.17
19.739
14.532
7.8863
22.216
19.32
